150	0	600	0	150	133.5
150	0	600	0	150	133.125
150	0	600	0	150	132.375
150	0	600	0	150	131.25
150	0	600	0	150	129.75
150	0	600	0	150	127.875
150	0	600	0	150	125.625
150	0	600	0	150	123
150	0	600	0	150	120
150	0	600	0	150	116.625
150	0	600	0	150	112.875
150	0	600	0	150	108.75
150	0	600	0	150	104.25
150	0	600	0	150	99.375
150	0	600	0	150	94.125
150	0	600	0	150	88.5
150	0	600	0	150	82.5
150	0	600	0	150	76.125
150	0	600	0	150	69.375
150	0	600	0	150	62.25
150	0	600	0	150	54.75
150	0	600	0	150	46.875
150	0	600	0	150	46.875
150	0	600	0	150	55.125
150	0	600	0	150	63
150	0	600	0	150	70.5
150	0	600	0	150	77.625
150	0	600	0	150	84.375
150	0	600	0	150	90.75
150	0	600	0	150	96.75
150	0	600	0	150	102.375
150	0	600	0	150	107.625
150	0	600	0	150	112.5
150	0	600	0	150	117
150	0	600	0	150	121.125
150	0	600	0	150	124.875
150	0	600	0	150	128.25
150	0	600	0	150	131.25
150	0	600	0	150	133.875
150	0	600	0	150	136.125
150	0	600	0	150	138
150	0	600	0	150	139.5
150	0	600	0	150	140.625
150	0	600	0	150	141.375
150	0	600	0	150	141.75
150	0	600	0	150	141.75
150	0	600	0	150	141.375
150	0	600	0	150	140.625
150	0	600	0	150	139.5
150	0	600	0	150	138
150	0	600	0	150	136.125
150	0	600	0	150	133.875
150	0	600	0	150	131.25
150	0	600	0	150	128.25
150	0	600	0	150	124.875
150	0	600	0	150	121.125
150	0	600	0	150	117
150	0	600	0	150	112.5
150	0	600	0	150	107.625
150	0	600	0	150	102.375
150	0	600	0	150	96.75
150	0	600	0	150	90.75
150	0	600	0	150	84.375
150	0	600	0	150	77.625
150	0	600	0	150	70.5
150	0	600	0	150	63
150	0	600	0	150	55.125
144	0	600	0	150	46.875
138	11.625	600	0	157.261	54.3601
144	22.5	600	0	168.511	62.6101
150	32.625	600	0	179.761	70.4851
156	42	600	0	191.011	77.9851
162	50.625	600	0	202.261	85.1101
168	58.5	600	0	213.511	91.8601
168	65.625	600	0	224.761	98.2351
168	72	600	0	236.011	104.235
168	77.625	600	0	247.261	109.86
168	82.5	600	0	258.511	115.11
168	86.625	600	0	269.761	119.985
168	90	600	0	281.011	124.485
168	92.625	600	0	292.261	128.61
168	94.5	600	0	303.511	132.36
168	95.625	600	0	314.761	135.735
168	96	600	0	326.011	138.735
168	95.625	600	0	337.261	141.36
168	94.5	600	0	348.511	143.61
168	92.625	600	0	359.761	145.485
168	90	600	0	371.011	146.985
168	86.625	600	0	382.261	148.11
168	82.5	600	0	393.511	148.86
168	77.625	600	0	404.761	149.235
168	72	600	0	416.011	149.235
168	65.625	600	0	427.261	148.86
168	58.5	600	0	438.511	148.11
168	50.625	600	0	449.761	146.985
168	42	600	0	461.011	145.485
168	32.625	600	0	472.261	143.61
168	22.5	600	0	483.511	141.36
168	11.625	600	0	494.761	138.735
168	0	600	11.625	506.011	135.735
168	0	594	22.5	517.261	132.36
168	0	588	32.625	528.511	128.61
168	0	582	42	539.761	124.485
168	0	576	50.625	551.011	119.985
168	0	570	58.5	562.261	115.11
168	0	564	65.625	573.853	111.453
168	0	558	72	585.103	119.703
168	0	564	77.625	596.353	127.578
168	0	570	82.5	607.603	135.078
168	0	576	86.625	618.853	142.203
168	0	582	90	630.103	148.953
168	0	588	92.625	641.353	155.328
168	0	594	94.5	652.603	161.328
168	0	600	95.625	663.853	166.953
168	0	606	96	675.103	172.203
168	0	612	95.625	686.353	177.078
168	0	618	94.5	697.603	181.578
168	0	624	92.625	708.853	185.703
168	0	630	90	720.103	189.453
168	0	636	86.625	731.353	192.828
168	0	642	82.5	720.103	195.828
168	0	648	77.625	708.853	198.453
168	0	654	72	697.603	200.703
168	0	660	65.625	686.353	202.578
168	0	666	58.5	675.103	204.078
168	0	672	50.625	663.853	205.203
168	0	678	42	652.603	205.953
168	0	672	32.625	641.353	206.328
168	0	666	22.5	630.103	206.328
168	0	660	11.625	618.853	205.953
168	0	654	0	607.603	205.203
168	0	648	0	596.353	204.078
168	0	642	0	585.103	202.578
174	0	636	0	573.853	200.703
180	0	630	0	562.603	198.453
186	0	624	0	551.353	195.828
192	0	618	0	540.103	192.828
198	0	612	0	528.853	189.453
204	0	606	0	517.603	185.703
210	0	600	0	506.353	181.578
216	0	594	0	495.103	177.078
222	0	588	0	483.853	172.203
228	0	582	0	472.603	166.953
234	0	576	0	461.353	161.328
240	0	570	0	450.103	155.328
246	0	564	0	438.853	148.953
252	0	558	0	427.603	142.203
258	0	552	0	416.353	135.078
264	0	546	0	405.103	127.578
270	0	540	0	393.853	119.703
276	0	534	0	382.603	111.453
282	0	528	0	371.353	102.828
288	0	522	0	360.103	93.8277
294	0	516	0	348.853	84.4527
300	0	510	0	337.603	74.7027
306	0	504	0	326.353	64.5777
312	11.625	498	0	315.417	58.3753
312	22.5	492	0	316.941	69.1139
312	32.625	486	0	319.362	78.9182
312	42	480	0	322.48	87.6885
312	50.625	480	0	325.832	95.9385
312	58.5	480	0	329.184	103.814
312	65.625	480	0	332.536	111.314
312	72	480	0	335.888	118.439
312	77.625	480	0	339.24	125.189
312	82.5	480	0	342.592	131.564
312	86.625	480	0	345.944	137.564
312	90	480	0	349.296	143.189
312	92.625	480	0	352.648	148.439
312	94.5	480	0	356	153.314
312	95.625	480	0	359.352	157.814
312	96	480	0	362.704	161.939
312	95.625	480	0	366.056	165.689
312	94.5	480	0	369.408	169.064
312	92.625	480	0	372.76	172.064
312	90	480	0	376.112	174.689
312	86.625	480	0	379.464	176.939
312	82.5	480	0	382.816	178.814
312	77.625	480	0	386.168	180.314
312	72	480	0	389.52	181.439
312	65.625	480	0	392.872	182.189
312	58.5	480	0	396.224	182.564
312	50.625	480	0	399.576	182.564
312	42	480	0	402.928	182.189
312	32.625	480	0	406.28	181.439
312	22.5	480	0	409.632	180.314
312	11.625	480	0	412.984	178.814
312	0	480	0	416.336	176.939
312	0	480	0	419.688	174.689
312	0	480	0	423.04	172.064
312	0	480	0	426.392	169.064
312	0	480	0	429.744	165.689
312	0	480	0	433.096	161.939
312	0	480	0	436.448	157.814
306	0	480	0	439.8	153.314
300	0	480	0	443.153	148.439
294	0	480	11.625	446.505	143.189
288	0	474	22.5	449.857	137.564
288	0	480	32.625	453.209	131.564
288	0	474	42	456.561	125.189
288	0	480	50.625	459.913	118.439
288	0	486	58.5	463.265	111.314
288	0	492	65.625	466.052	104.663
288	0	498	72	454.802	112.913
288	0	504	77.625	443.552	120.788
288	0	510	82.5	432.302	128.288
288	0	516	86.625	421.052	135.413
288	0	522	90	409.802	142.163
288	0	528	92.625	398.552	148.538
288	0	534	94.5	387.302	154.538
288	0	540	95.625	376.052	160.163
288	0	546	96	364.802	165.413
282	0	552	95.625	353.552	170.288
276	0	558	94.5	342.302	174.788
270	0	564	92.625	331.052	178.913
264	0	570	90	319.802	182.663
258	0	576	86.625	308.552	186.038
252	0	582	82.5	297.302	189.038
246	0	588	77.625	286.052	191.663
240	0	594	72	274.802	193.913
234	0	594	65.625	263.552	195.788
228	0	594	58.5	252.302	197.288
222	0	594	50.625	241.052	198.413
216	0	594	42	229.802	199.163
210	0	594	32.625	218.552	199.538
204	0	594	22.5	207.302	199.538
198	0	594	11.625	196.052	199.163
192	0	594	0	184.802	198.413
186	0	594	0	173.552	197.288
180	0	594	0	162.302	195.788
174	0	594	0	151.052	193.913
168	0	594	0	139.802	191.663
162	0	594	0	128.552	189.038
162	0	594	0	117.302	186.038
162	0	594	0	106.052	182.663
162	0	594	0	94.802	178.913
162	0	594	0	83.552	174.788
162	0	594	0	72.302	170.288
162	0	594	0	61.052	165.413
162	0	594	0	49.802	160.163
162	0	594	0	38.552	154.538
162	0	594	0	27.302	148.538
162	0	594	0	16.052	142.163
162	0	594	0	27.302	135.413
162	0	594	0	38.552	128.288
162	0	594	0	49.802	120.788
162	0	594	0	61.052	112.913
162	0	594	0	72.302	104.663
162	0	594	0	83.552	96.038
162	0	594	0	94.802	87.038
162	0	594	0	106.052	77.663
162	0	594	0	117.302	67.913
162	0	594	0	128.552	57.788
156	0	594	0	139.802	47.288
150	0	594	0	151.354	46.8554
156	11.625	588	0	158.018	58.4565
162	22.5	588	0	169.605	68.754
168	32.625	594	0	181.042	77.6491
174	42	600	0	192.292	85.8991
180	50.625	606	0	203.542	93.7741
186	58.5	612	0	214.792	101.274
192	65.625	618	0	226.042	108.399
198	72	624	0	237.292	115.149
198	77.625	630	0	248.542	121.524
198	82.5	636	0	259.792	127.524
198	86.625	636	0	271.042	133.149
198	90	636	0	282.292	138.399
198	92.625	642	0	293.542	143.274
198	94.5	642	0	304.792	147.774
198	95.625	642	0	316.042	151.899
198	96	642	0	327.292	155.649
198	95.625	642	0	338.542	159.024
198	94.5	642	0	349.792	162.024
198	92.625	642	0	361.042	164.649
198	90	642	0	372.292	166.899
198	86.625	642	0	383.542	168.774
198	82.5	642	0	394.792	170.274
198	77.625	642	0	406.042	171.399
204	72	642	0	417.292	172.149
210	65.625	642	0	428.542	172.524
216	58.5	642	0	439.792	172.524
222	50.625	642	0	451.042	172.149
228	42	642	0	462.292	171.399
234	32.625	642	0	473.542	170.274
240	22.5	642	0	484.792	168.774
246	11.625	642	0	496.042	166.899
246	0	642	0	507.292	164.649
246	0	642	0	518.542	162.024
246	0	642	0	529.792	159.024
246	0	642	0	541.042	155.649
246	0	648	0	552.292	151.899
246	0	648	0	563.542	147.774
246	0	648	11.625	574.792	143.274
246	0	642	22.5	586.042	138.399
246	0	636	32.625	597.292	133.149
246	0	630	42	608.542	127.524
246	0	624	50.625	619.792	121.524
246	0	618	58.5	631.042	115.149
246	0	612	65.625	642.292	108.399
246	0	618	72	654.182	101.801
246	0	624	77.625	665.432	107.96
246	0	630	82.5	676.682	113.744
246	0	636	86.625	687.932	119.153
246	0	642	90	699.182	124.186
246	0	648	92.625	710.432	128.845
246	0	654	94.5	721.682	133.129
246	0	660	95.625	732.932	137.038
246	0	666	96	721.682	140.571
246	0	672	95.625	710.432	143.73
246	0	678	94.5	699.182	146.514
246	0	672	92.625	687.932	148.923
246	0	678	90	676.682	150.956
246	0	672	86.625	665.432	152.615
246	0	678	82.5	654.182	153.899
246	0	672	77.625	642.932	154.808
246	0	666	72	631.682	155.341
246	0	660	65.625	620.432	155.5
246	0	654	58.5	609.182	155.284
246	0	648	50.625	597.932	154.693
246	0	642	42	586.682	153.726
246	0	636	32.625	575.432	152.385
246	0	630	22.5	564.182	150.669
246	0	624	11.625	552.932	148.577
246	0	618	0	541.682	146.111
246	0	612	0	530.432	143.27
246	0	606	0	519.182	140.054
246	0	600	0	507.932	136.462
246	0	594	0	496.682	132.496
246	0	588	0	485.432	128.155
246	0	582	0	474.182	123.439
252	0	576	0	462.932	118.347
258	0	570	0	451.682	112.881
264	0	564	0	440.432	107.04
270	0	558	0	429.182	100.824
276	0	552	0	417.932	94.2324
282	0	546	0	406.682	87.2661
288	0	540	0	395.432	79.9249
294	0	534	0	384.182	72.2086
300	0	528	0	372.932	64.1174
306	11.625	522	0	361.682	55.6511
312	22.5	516	0	351.615	47.5582
318	32.625	522	0	362.865	55.8082
324	42	528	0	374.115	63.6832
330	50.625	534	0	385.365	71.1832
334	58.5	540	0	396.615	78.3082
334	65.625	546	0	407.865	85.0582
334	72	552	0	419.115	91.4332
334	77.625	558	0	430.365	97.4332
334	82.5	564	0	441.615	103.058
334	86.625	570	0	452.865	108.308
334	90	576	0	464.115	113.183
334	92.625	582	0	475.365	117.683
334	94.5	588	0	486.615	121.808
334	95.625	594	0	497.865	125.558
334	96	600	0	509.115	128.933
334	95.625	606	0	520.365	131.933
334	94.5	612	0	531.615	134.558
334	92.625	618	0	542.865	136.808
334	90	624	0	554.115	138.683
334	86.625	630	0	565.365	140.183
334	82.5	636	0	576.615	141.308
334	77.625	642	0	587.865	142.058
334	72	648	0	599.115	142.433
334	65.625	654	0	610.365	142.433
334	58.5	660	0	621.615	142.058
334	50.625	666	0	632.865	141.308
334	42	672	0	644.115	140.183
334	32.625	678	0	655.365	138.683
334	22.5	684	0	666.615	136.808
334	11.625	690	0	677.865	134.558
334	0	696	0	689.115	131.933
334	0	702	0	700.365	128.933
334	0	708	0	711.615	125.558
334	0	710	0	722.865	121.808
334	0	710	0	734.115	117.683
334	0	704	0	722.865	113.183
334	0	698	0	711.615	108.308
334	0	698	11.625	700.365	103.058
334	0	692	22.5	689.115	97.4332
334	0	686	32.625	677.865	91.4332
334	0	680	42	666.085	86.7621
334	0	674	50.625	654.835	95.0121
334	0	668	58.5	643.585	102.887
334	0	662	65.625	632.335	110.387
334	0	656	72	621.085	117.512
334	0	650	77.625	609.835	124.262
328	0	644	82.5	598.585	130.637
322	0	638	86.625	587.335	136.637
316	0	632	90	576.085	142.262
310	0	626	92.625	564.835	147.512
304	0	620	94.5	553.585	152.387
298	0	614	95.625	542.335	156.887
292	0	608	96	531.085	161.012
286	0	602	95.625	519.835	164.762
280	0	602	94.5	508.585	168.137
274	0	602	92.625	497.335	171.137
268	0	602	90	486.085	173.762
262	0	602	86.625	474.835	176.012
256	0	602	82.5	463.585	177.887
250	0	602	77.625	452.335	179.387
244	0	602	72	441.085	180.512
238	0	602	65.625	429.835	181.262
232	0	602	58.5	418.585	181.637
226	0	602	50.625	407.335	181.637
220	0	602	42	396.085	181.262
214	0	602	32.625	384.835	180.512
214	0	602	22.5	373.585	179.387
214	0	602	11.625	362.335	177.887
214	0	602	0	351.085	176.012
214	0	602	0	339.835	173.762
214	0	602	0	328.585	171.137
214	0	602	0	317.335	168.137
214	0	602	0	306.085	164.762
208	0	602	0	294.835	161.012
202	0	602	0	283.585	156.887
196	0	602	0	272.335	152.387
190	0	602	0	261.085	147.512
184	0	602	0	249.835	142.262
178	0	602	0	238.585	136.637
172	0	602	0	227.335	130.637
166	0	602	0	216.085	124.262
160	11.625	602	0	204.835	117.512
154	22.5	602	0	193.585	110.387
148	32.625	602	0	182.335	102.887
142	42	602	0	171.085	95.0121
148	50.625	602	0	162.59	95.1717
154	58.5	608	0	173.84	103.422
160	65.625	614	0	185.09	111.297
166	72	620	0	196.34	118.797
172	77.625	626	0	207.59	125.922
178	82.5	632	0	218.84	132.672
184	86.625	638	0	230.09	139.047
190	90	644	0	241.34	145.047
196	92.625	644	0	252.59	150.672
202	94.5	644	0	263.84	155.922
208	95.625	644	0	275.09	160.797
214	96	644	0	286.34	165.297
220	95.625	644	0	297.59	169.422
226	94.5	644	0	308.84	173.172
232	92.625	644	0	320.09	176.547
238	90	644	0	331.34	179.547
232	86.625	644	0	342.59	182.172
226	82.5	644	0	353.84	184.422
220	77.625	644	0	365.09	186.297
214	72	644	0	376.34	187.797
208	65.625	650	0	387.59	188.922
202	58.5	650	0	398.84	189.672
196	50.625	650	0	410.09	190.047
190	42	650	0	421.34	190.047
184	32.625	650	0	432.59	189.672
178	22.5	650	0	443.84	188.922
178	11.625	650	0	455.09	187.797
178	0	650	0	466.34	186.297
178	0	650	0	477.59	184.422
178	0	650	0	488.84	182.172
178	0	650	0	500.09	179.547
178	0	650	0	511.34	176.547
178	0	650	0	522.59	173.172
178	0	650	0	533.84	169.422
178	0	650	0	545.09	165.297
178	0	650	0	556.34	160.797
178	0	650	0	567.59	155.922
178	0	650	0	578.84	150.672
178	0	650	0	590.09	145.047
178	0	650	11.625	601.34	139.047
178	0	644	22.5	612.59	132.672
178	0	638	32.625	623.84	125.922
178	0	632	42	635.09	118.797
178	0	626	50.625	646.34	111.297
178	0	620	58.5	657.59	103.422
178	0	626	65.625	668.84	95.1717
178	0	632	72	680.09	86.5467
178	0	638	77.625	691.34	77.5467
178	0	644	82.5	702.59	68.1717
178	0	650	86.625	713.84	58.4217
178	0	656	90	725.09	48.2967
178	0	662	92.625	713.84	37.7967
178	0	668	94.5	702.59	26.9217
178	0	674	95.625	691.34	15.6717
150	0	600	0	150	133.5
150	0	600	0	150	133.5
150	0	600	0	150	133.125
150	0	600	0	150	132.375
150	0	600	0	150	131.25
150	0	600	0	150	129.75
150	0	600	0	150	127.875
150	0	600	0	150	125.625
150	0	600	0	150	123
150	0	600	0	150	120
150	0	600	0	150	116.625
150	0	600	0	150	112.875
150	0	600	0	150	108.75
150	0	600	0	150	104.25
150	0	600	0	150	99.375
150	0	600	0	150	94.125
144	0	600	0	150	88.5
138	11.625	600	0	150	82.5
132	22.5	600	0	150	76.125
126	32.625	600	0	151.631	71.8721
132	42	600	0	162.881	80.1221
138	50.625	600	0	174.131	87.9971
144	58.5	600	0	185.381	95.4971
150	65.625	600	0	196.631	102.622
150	72	600	0	207.881	109.372
150	77.625	600	0	219.131	115.747
150	82.5	600	0	230.381	121.747
150	86.625	600	0	241.631	127.372
150	90	600	0	252.881	132.622
150	92.625	600	0	264.131	137.497
150	94.5	600	0	275.381	141.997
150	95.625	600	0	286.631	146.122
150	96	600	0	297.881	149.872
150	95.625	600	0	309.131	153.247
150	94.5	600	0	320.381	156.247
150	92.625	600	0	331.631	158.872
150	90	606	0	342.881	161.122
150	86.625	606	0	354.131	162.997
150	82.5	606	0	365.381	164.497
150	77.625	606	0	376.631	165.622
150	72	606	0	387.881	166.372
150	65.625	606	0	399.131	166.747
150	58.5	606	0	410.381	166.747
150	50.625	606	0	421.631	166.372
150	42	606	0	432.881	165.622
150	32.625	606	0	444.131	164.497
150	22.5	606	0	455.381	162.997
150	11.625	606	0	466.631	161.122
150	0	606	0	477.881	158.872
150	0	606	0	489.131	156.247
150	0	606	0	500.381	153.247
150	0	606	0	511.631	149.872
150	0	606	11.625	522.881	146.122
150	0	600	22.5	534.131	141.997
150	0	594	32.625	545.381	137.497
150	0	588	42	556.631	132.622
150	0	582	50.625	567.881	127.372
150	0	576	58.5	579.131	121.747
150	0	570	65.625	590.381	115.747
150	0	564	72	601.631	109.372
150	0	570	77.625	612.881	102.622
150	0	576	82.5	624.131	95.4971
150	0	582	86.625	635.381	87.9971
150	0	588	90	646.631	80.1221
150	0	594	92.625	657.881	71.8721
150	0	600	94.5	669.131	63.2471
150	0	606	95.625	680.381	54.2471
150	0	612	96	691.631	44.8721
150	0	618	95.625	702.881	35.1221
150	0	624	94.5	714.131	24.9971
150	0	630	92.625	725.381	14.4971
150	0	600	0	150	133.5
150	0	600	0	150	133.5
150	0	600	0	150	133.125
150	0	600	0	150	132.375
150	0	600	0	150	131.25
150	0	600	0	150	129.75
150	0	600	0	150	127.875
150	0	600	0	150	125.625
150	0	600	0	150	123
150	0	600	0	150	120
150	0	600	0	150	116.625
150	0	600	0	150	112.875
150	0	600	0	150	108.75
150	0	600	0	150	104.25
150	0	600	0	150	99.375
150	0	600	0	150	94.125
144	0	600	0	150	88.5
138	0	600	0	150	82.5
132	11.625	600	0	150	76.125
138	22.5	600	0	150	69.375
144	32.625	600	0	153.305	78.5672
150	42	606	0	164.555	86.8172
150	50.625	612	0	175.805	94.6922
150	58.5	612	0	187.055	102.192
150	65.625	612	0	198.305	109.317
150	72	612	0	209.555	116.067
150	77.625	612	0	220.805	122.442
150	82.5	612	0	232.055	128.442
150	86.625	612	0	243.305	134.067
150	90	612	0	254.555	139.317
150	92.625	612	0	265.805	144.192
150	94.5	612	0	277.055	148.692
150	95.625	612	0	288.305	152.817
150	96	612	0	299.555	156.567
150	95.625	612	0	310.805	159.942
150	94.5	612	0	322.055	162.942
150	92.625	612	0	333.305	165.567
150	90	612	0	344.555	167.817
150	86.625	612	0	355.805	169.692
150	82.5	618	0	367.055	171.192
150	77.625	618	0	378.305	172.317
150	72	618	0	389.555	173.067
150	65.625	618	0	400.805	173.442
150	58.5	618	0	412.055	173.442
150	50.625	618	0	423.305	173.067
150	42	618	0	434.555	172.317
150	32.625	618	0	445.805	171.192
150	22.5	618	0	457.055	169.692
150	11.625	618	0	468.305	167.817
150	0	618	0	479.555	165.567
150	0	618	0	490.805	162.942
150	0	618	0	502.055	159.942
150	0	618	0	513.305	156.567
150	0	618	0	524.555	152.817
150	0	618	0	535.805	148.692
150	0	618	11.625	547.055	144.192
150	0	612	22.5	558.305	139.317
150	0	606	32.625	569.555	134.067
150	0	600	42	580.805	128.442
150	0	594	50.625	592.055	122.442
150	0	588	58.5	603.305	116.067
150	0	582	65.625	614.555	109.317
150	0	588	72	625.805	102.192
150	0	594	77.625	637.576	94.8989
150	0	600	82.5	648.826	93.5633
150	0	606	86.625	660.076	91.8526
150	0	612	90	671.326	89.767
150	0	618	92.625	682.576	87.3063
150	0	624	94.5	693.826	84.4707
150	0	630	95.625	705.076	81.2601
150	0	636	96	716.326	77.6744
150	0	642	95.625	727.576	73.7138
150	0	648	94.5	716.326	69.3782
150	0	654	92.625	705.076	64.6675
150	0	660	90	693.826	59.5819
150	0	666	86.625	682.576	54.1212
150	0	660	82.5	671.326	48.2856
150	0	654	77.625	660.076	42.075
150	0	648	72	648.826	35.4893
150	0	642	65.625	637.576	28.5287
150	0	636	58.5	626.326	21.1931
150	0	630	50.625	615.076	13.4824
150	0	600	0	150	133.5
150	0	600	0	150	133.5
150	0	600	0	150	133.125
150	0	600	0	150	132.375
150	0	600	0	150	131.25
150	0	600	0	150	129.75
150	0	600	0	150	127.875
150	0	600	0	150	125.625
150	0	600	0	150	123
150	0	600	0	150	120
150	0	600	0	150	116.625
150	0	600	0	150	112.875
150	0	600	0	150	108.75
150	0	600	0	150	104.25
150	0	600	0	150	99.375
150	0	600	0	150	94.125
150	0	600	0	150	88.5
150	0	600	0	150	82.5
144	0	600	0	150	76.125
138	11.625	600	0	150	69.375
132	22.5	600	0	151.336	65.201
138	32.625	600	0	162.586	73.451
144	42	600	0	173.836	81.326
150	50.625	600	0	185.086	88.826
156	58.5	600	0	196.336	95.951
156	65.625	600	0	207.586	102.701
156	72	600	0	218.836	109.076
156	77.625	600	0	230.086	115.076
156	82.5	600	0	241.336	120.701
156	86.625	600	0	252.586	125.951
156	90	600	0	263.836	130.826
156	92.625	600	0	275.086	135.326
156	94.5	600	0	286.336	139.451
156	95.625	600	0	297.586	143.201
156	96	600	0	308.836	146.576
156	95.625	600	0	320.086	149.576
156	94.5	600	0	331.336	152.201
156	92.625	600	0	342.586	154.451
156	90	600	0	353.836	156.326
156	86.625	600	0	365.086	157.826
156	82.5	600	0	376.336	158.951
156	77.625	600	0	387.586	159.701
156	72	600	0	398.836	160.076
156	65.625	600	0	410.086	160.076
156	58.5	600	0	421.336	159.701
156	50.625	600	0	432.586	158.951
156	42	600	0	443.836	157.826
156	32.625	600	0	455.086	156.326
156	22.5	600	0	466.336	154.451
156	11.625	600	0	477.586	152.201
156	0	600	0	488.836	149.576
156	0	600	0	500.086	146.576
156	0	600	11.625	511.336	143.201
156	0	594	22.5	522.586	139.451
156	0	588	32.625	533.836	135.326
156	0	582	42	545.086	130.826
156	0	576	50.625	556.336	125.951
156	0	570	58.5	567.586	120.701
156	0	564	65.625	578.836	115.076
156	0	558	72	590.086	109.076
156	0	564	77.625	602.913	103.76
156	0	570	82.5	614.163	106.683
156	0	576	86.625	625.413	109.23
156	0	582	90	636.663	111.403
156	0	588	92.625	647.913	113.2
156	0	594	94.5	659.163	114.623
156	0	600	95.625	670.413	115.67
156	0	606	96	681.663	116.343
156	0	612	95.625	692.913	116.64
156	0	618	94.5	704.163	116.563
156	0	624	92.625	715.413	116.11
156	0	630	90	726.663	115.283
156	0	636	86.625	715.413	114.08
156	0	642	82.5	704.163	112.503
156	0	648	77.625	692.913	110.55
156	0	654	72	682.45	109.254
156	0	660	65.625	684.027	105.874
156	0	654	58.5	690.973	97.6238
156	0	660	50.625	697.919	88.9988
156	0	666	42	704.865	79.9988
156	0	672	32.625	711.812	70.6238
156	0	678	22.5	718.758	60.8738
156	0	672	11.625	725.704	50.7488
156	0	678	0	718.758	40.2488
156	0	684	0	716.228	34.0384
156	0	690	0	727.478	41.116
156	0	684	0	716.228	47.8186
156	0	678	0	704.978	54.1462
156	0	672	0	693.728	60.0988
156	0	666	0	682.478	65.6764
156	0	660	0	671.228	70.879
156	0	654	0	659.978	75.7067
156	0	648	0	648.728	80.1593
156	0	642	0	637.478	84.2369
156	0	636	0	626.228	87.9395
156	0	630	0	614.978	91.2671
156	0	624	0	603.728	94.2197
156	0	618	0	592.478	96.7973
156	0	612	0	581.228	98.9999
156	0	606	0	569.978	100.828
156	0	600	0	558.728	102.28
156	0	594	0	547.478	103.358
156	0	588	0	536.228	104.06
156	0	582	0	524.978	104.388
156	0	576	0	513.728	104.341
156	0	570	0	502.478	103.918
156	0	564	0	491.228	103.121
156	0	558	0	479.978	101.948
156	0	552	0	468.728	100.401
162	0	546	0	457.478	98.4786
168	0	540	0	446.228	96.1812
174	0	534	0	434.978	93.5088
180	0	528	0	423.728	90.4614
186	0	522	0	412.478	87.039
192	0	516	0	401.228	83.2416
198	0	510	0	389.978	79.0692
204	0	504	0	378.728	74.5218
210	0	498	0	367.478	69.5994
216	0	492	0	356.228	64.302
222	0	486	0	344.978	58.6296
228	0	480	0	333.728	52.5823
234	0	474	0	322.478	46.1599
240	0	468	0	311.228	39.3625
246	11.625	462	0	299.978	32.1901
252	22.5	456	0	298.795	25.23
258	32.625	462	0	310.045	28.558
264	42	468	0	321.295	31.5109
264	50.625	474	0	332.545	34.0889
264	58.5	480	0	343.795	36.2919
264	65.625	486	0	355.045	38.1198
264	72	492	0	366.295	39.5728
264	77.625	498	0	355.045	40.6508
264	82.5	504	0	343.795	41.3537
264	86.625	510	0	332.545	41.6817
264	90	516	0	321.295	41.6347
264	92.625	522	0	310.045	41.2127
264	94.5	528	0	298.795	40.4156
264	95.625	534	0	287.545	39.2436
264	96	540	0	276.295	37.6966
264	95.625	546	0	265.045	35.7745
264	94.5	552	0	253.795	33.4775
264	92.625	558	0	242.545	30.8055
264	90	564	0	231.295	27.7584
264	86.625	570	0	220.045	24.3364
264	82.5	576	0	208.795	20.5394
264	77.625	582	0	197.545	16.3673
150	0	600	0	600	133.5
150	0	600	0	600	133.5
150	0	600	0	600	133.125
150	0	600	0	600	132.375
150	0	600	0	600	131.25
150	0	600	0	600	129.75
150	0	600	0	600	127.875
150	0	600	0	600	125.625
150	0	600	0	600	123
150	0	600	0	600	120
150	0	600	0	600	116.625
150	0	600	0	600	112.875
150	0	600	0	600	108.75
150	0	606	11.625	600	104.25
150	0	612	22.5	600	99.375
150	0	618	32.625	600	94.125
150	0	624	42	600	88.5
150	0	630	50.625	597.874	84.7594
150	0	636	58.5	586.624	93.0094
150	0	642	65.625	575.374	100.884
150	0	648	72	564.124	108.384
150	0	654	77.625	552.874	115.509
150	0	654	82.5	541.624	122.259
150	0	654	86.625	530.374	128.634
150	0	654	90	519.124	134.634
150	0	654	92.625	507.874	140.259
150	0	654	94.5	496.624	145.509
150	0	654	95.625	485.374	150.384
150	0	654	96	474.124	154.884
150	0	654	95.625	462.874	159.009
150	0	654	94.5	451.624	162.759
150	0	654	92.625	440.374	166.134
150	0	654	90	429.124	169.134
150	0	654	86.625	417.874	171.759
150	0	654	82.5	406.624	174.009
150	0	654	77.625	395.374	175.884
150	0	654	72	384.124	177.384
144	0	654	65.625	372.874	178.509
138	0	648	58.5	361.624	179.259
132	0	642	50.625	350.374	179.634
126	0	636	42	339.124	179.634
120	0	630	32.625	327.874	179.259
114	0	624	22.5	316.624	178.509
108	0	618	11.625	305.374	177.384
102	0	612	0	294.124	175.884
96	0	606	11.625	282.874	174.009
96	0	606	22.5	271.624	171.759
96	0	606	32.625	260.374	169.134
96	0	606	42	249.124	166.134
96	0	606	50.625	237.874	162.759
96	0	606	58.5	226.624	159.009
96	0	606	65.625	215.374	154.884
96	0	606	72	204.124	150.384
96	0	606	77.625	192.874	145.509
90	0	606	82.5	181.624	140.259
84	0	606	86.625	170.374	134.634
78	0	606	90	159.124	128.634
72	0	606	92.625	147.874	122.259
66	0	606	94.5	136.624	115.509
60	0	606	95.625	125.374	108.384
54	11.625	606	96	114.124	100.884
60	22.5	606	95.625	102.874	93.0094
66	32.625	606	94.5	91.6235	84.7594
72	42	606	92.625	83.1678	87.5252
78	50.625	600	90	94.4178	95.7752
84	58.5	594	86.625	105.668	103.65
90	65.625	588	82.5	116.918	111.15
96	72	582	77.625	128.168	118.275
102	77.625	576	72	139.418	125.025
108	82.5	570	65.625	150.668	131.4
108	86.625	564	58.5	161.918	137.4
108	90	558	50.625	173.168	143.025
108	92.625	552	42	184.418	148.275
108	94.5	546	32.625	195.668	153.15
108	95.625	540	22.5	206.918	157.65
108	96	534	11.625	218.168	161.775
108	95.625	528	0	229.418	165.525
108	94.5	534	0	240.668	168.9
108	92.625	540	0	251.918	171.9
108	90	546	0	263.168	174.525
108	86.625	552	0	274.418	176.775
108	82.5	558	0	285.668	178.65
114	77.625	558	0	296.918	180.15
120	72	558	0	308.168	181.275
126	65.625	558	0	319.418	182.025
132	58.5	558	0	330.668	182.4
138	50.625	558	0	341.918	182.4
144	42	558	0	353.168	182.025
150	32.625	558	0	364.418	181.275
156	22.5	558	0	375.668	180.15
162	11.625	558	0	386.918	178.65
168	0	558	0	398.168	176.775
174	0	558	0	409.418	174.525
180	0	558	0	420.668	171.9
186	0	558	0	431.918	168.9
192	0	558	0	443.168	165.525
198	0	558	0	454.418	161.775
204	0	564	0	465.668	157.65
210	0	564	0	476.918	153.15
216	0	564	0	488.168	148.275
222	0	564	11.625	499.418	143.025
228	0	558	22.5	510.668	137.4
234	0	552	32.625	521.918	131.4
240	0	546	42	533.168	125.025
246	0	540	50.625	544.418	118.275
252	0	534	58.5	555.668	111.15
258	0	528	65.625	566.918	103.65
264	0	534	72	578.168	95.7752
270	0	540	77.625	589.418	87.5252
276	0	546	82.5	600.668	78.9002
282	0	552	86.625	611.918	69.9002
288	0	558	90	623.168	60.5252
294	0	564	92.625	634.418	50.7752
294	0	570	94.5	645.668	40.6502
294	0	576	95.625	656.918	30.1502
294	0	582	96	668.168	19.2752
150	0	600	0	150	133.5
150	0	600	0	150	133.5
150	0	600	0	150	133.125
150	0	600	0	150	132.375
150	0	600	0	150	131.25
150	0	600	0	150	129.75
150	0	600	0	150	127.875
150	0	600	0	150	125.625
150	0	600	0	150	123
150	0	600	0	150	120
150	0	600	0	150	116.625
150	0	600	0	150	112.875
150	0	600	0	150	108.75
150	0	600	0	150	104.25
150	0	600	0	150	99.375
144	0	600	0	150	94.125
138	0	600	0	150	88.5
132	11.625	600	0	150	82.5
126	22.5	600	0	150	76.125
132	32.625	600	0	152.619	74.7217
138	42	606	0	163.869	82.9717
144	50.625	606	0	175.119	90.8467
144	58.5	606	0	186.369	98.3467
144	65.625	606	0	197.619	105.472
144	72	606	0	208.869	112.222
144	77.625	606	0	220.119	118.597
144	82.5	606	0	231.369	124.597
144	86.625	606	0	242.619	130.222
144	90	606	0	253.869	135.472
144	92.625	606	0	265.119	140.347
144	94.5	606	0	276.369	144.847
144	95.625	606	0	287.619	148.972
144	96	606	0	298.869	152.722
144	95.625	606	0	310.119	156.097
144	94.5	606	0	321.369	159.097
144	92.625	606	0	332.619	161.722
144	90	606	0	343.869	163.972
144	86.625	606	0	355.119	165.847
144	82.5	606	0	366.369	167.347
144	77.625	612	0	377.619	168.472
144	72	612	0	388.869	169.222
144	65.625	612	0	400.119	169.597
144	58.5	612	0	411.369	169.597
144	50.625	612	0	422.619	169.222
144	42	612	0	433.869	168.472
144	32.625	612	0	445.119	167.347
144	22.5	612	0	456.369	165.847
144	11.625	612	0	467.619	163.972
144	0	612	0	478.869	161.722
144	0	612	0	490.119	159.097
144	0	612	0	501.369	156.097
144	0	612	0	512.619	152.722
144	0	612	0	523.869	148.972
144	0	612	11.625	535.119	144.847
144	0	606	22.5	546.369	140.347
144	0	600	32.625	557.619	135.472
144	0	594	42	568.869	130.222
144	0	588	50.625	580.119	124.597
144	0	582	58.5	591.369	118.597
144	0	576	65.625	602.619	112.222
144	0	582	72	614.323	105.949
144	0	588	77.625	625.573	114.199
144	0	594	82.5	636.823	122.074
144	0	600	86.625	648.073	129.574
144	0	606	90	659.323	136.699
144	0	612	92.625	670.573	143.449
144	0	618	94.5	681.823	149.824
144	0	624	95.625	693.073	155.824
144	0	630	96	704.323	161.449
144	0	636	95.625	715.573	166.699
144	0	642	94.5	726.823	171.574
144	0	636	92.625	715.573	176.074
144	0	630	90	704.323	180.199
144	0	624	86.625	693.073	183.949
144	0	618	82.5	681.823	187.324
144	0	612	77.625	670.573	190.324
150	0	606	72	659.323	192.949
156	0	606	65.625	648.073	195.199
162	0	606	58.5	636.823	197.074
168	0	606	50.625	625.573	198.574
174	0	606	42	614.323	199.699
180	0	606	32.625	603.073	200.449
186	0	606	22.5	591.823	200.824
192	0	606	11.625	580.573	200.824
198	0	606	0	569.323	200.449
204	0	606	0	558.073	199.699
210	0	606	0	546.823	198.574
216	0	606	0	535.573	197.074
222	0	606	0	524.323	195.199
228	0	606	0	513.073	192.949
234	0	606	0	501.823	190.324
240	0	606	0	490.573	187.324
246	0	606	0	479.323	183.949
246	0	606	0	468.073	180.199
246	0	606	0	456.823	176.074
246	0	606	0	445.573	171.574
246	0	606	0	434.323	166.699
246	0	606	0	423.073	161.449
246	0	606	0	411.823	155.824
246	0	606	0	400.573	149.824
246	0	606	0	389.323	143.449
246	0	606	0	378.073	136.699
246	0	606	0	366.823	129.574
246	0	606	0	355.573	122.074
246	0	606	0	344.323	114.199
246	0	606	0	333.073	105.949
240	0	606	0	321.823	97.3235
234	0	606	0	310.573	88.3235
240	0	606	0	299.323	78.9485
246	0	606	0	288.073	69.1985
252	11.625	606	0	276.823	59.0735
258	22.5	606	0	271.074	67.5148
264	32.625	612	0	282.326	75.7692
270	42	618	0	293.576	84.0192
270	50.625	624	0	304.826	91.8942
270	58.5	630	0	316.076	99.3942
270	65.625	636	0	327.326	106.519
270	72	642	0	338.576	113.269
270	77.625	648	0	349.826	119.644
270	82.5	654	0	361.076	125.644
270	86.625	660	0	372.326	131.269
270	90	666	0	383.576	136.519
270	92.625	672	0	394.826	141.394
270	94.5	678	0	406.076	145.894
270	95.625	684	0	417.326	150.019
270	96	690	0	428.576	153.769
270	95.625	696	0	439.826	157.144
270	94.5	702	0	451.076	160.144
270	92.625	708	0	462.326	162.769
270	90	710	0	473.576	165.019
270	86.625	710	0	484.826	166.894
270	82.5	710	0	496.076	168.394
270	77.625	710	0	507.326	169.519
270	72	710	0	518.576	170.269
270	65.625	710	0	529.826	170.644
270	58.5	710	0	541.076	170.644
264	50.625	710	0	552.326	170.269
258	42	710	0	563.576	169.519
252	32.625	710	0	574.826	168.394
246	22.5	710	0	586.076	166.894
240	11.625	710	0	597.326	165.019
234	0	710	0	608.576	162.769
234	0	710	0	619.826	160.144
234	0	710	0	631.076	157.144
234	0	710	0	642.326	153.769
234	0	710	0	653.576	150.019
240	0	710	0	664.826	145.894
246	0	710	0	676.076	141.394
252	0	710	0	687.326	136.519
258	0	710	0	698.576	131.269
264	0	710	0	709.826	125.644
270	0	710	0	721.076	119.644
276	0	710	0	732.326	113.269
276	0	710	11.625	721.076	106.519
276	0	704	22.5	709.826	99.3942
276	0	698	32.625	698.576	91.8942
276	0	692	42	686.818	88.5877
276	0	686	50.625	675.568	96.8377
276	0	680	58.5	664.318	104.713
276	0	674	65.625	653.068	112.213
276	0	668	72	641.818	119.338
276	0	662	77.625	630.568	126.088
276	0	656	82.5	619.318	132.463
276	0	650	86.625	608.068	138.463
276	0	644	90	596.818	144.088
276	0	638	92.625	585.568	149.338
276	0	632	94.5	574.318	154.213
276	0	626	95.625	563.068	158.713
276	0	620	96	551.818	162.838
276	0	614	95.625	540.568	166.588
276	0	608	94.5	529.318	169.963
270	0	602	92.625	518.068	172.963
264	0	602	90	506.818	175.588
258	0	602	86.625	495.568	177.838
252	0	602	82.5	484.318	179.713
246	0	602	77.625	473.068	181.213
240	0	602	72	461.818	182.338
234	0	602	65.625	450.568	183.088
228	0	602	58.5	439.318	183.463
222	0	602	50.625	428.068	183.463
216	0	602	42	416.818	183.088
210	0	602	32.625	405.568	182.338
204	0	602	22.5	394.318	181.213
198	0	602	11.625	383.068	179.713
192	0	602	0	371.818	177.838
186	0	602	0	360.568	175.588
180	0	602	0	349.318	172.963
174	0	602	0	338.068	169.963
168	0	602	0	326.818	166.588
162	0	602	0	315.568	162.838
162	0	602	0	304.318	158.713
162	0	602	0	293.068	154.213
162	0	602	0	281.818	149.338
162	0	602	0	270.568	144.088
162	0	602	0	259.318	138.463
162	0	602	0	248.068	132.463
156	0	602	0	236.818	126.088
150	0	602	0	225.568	119.338
144	0	602	0	214.318	112.213
138	0	602	0	203.068	104.713
132	0	602	0	191.818	96.8377
126	0	602	0	180.568	88.5877
132	11.625	602	0	169.318	79.9627
138	22.5	602	0	158.068	70.9627
144	32.625	602	0	148.539	79.2797
150	42	602	0	151.014	88.864
156	50.625	596	0	159.548	97.3655
156	58.5	590	0	168.063	105.241
156	65.625	584	0	176.578	112.741
156	72	578	0	185.092	119.866
156	77.625	572	0	193.607	126.616
156	82.5	566	0	202.122	132.991
156	86.625	560	0	210.636	138.991
156	90	554	0	219.151	144.616
156	92.625	548	0	227.666	149.866
156	94.5	548	0	236.18	154.741
156	95.625	548	0	244.695	159.241
156	96	548	0	253.21	163.366
156	95.625	548	0	261.724	167.116
156	94.5	548	0	270.239	170.491
156	92.625	548	0	278.754	173.491
156	90	548	0	287.268	176.116
156	86.625	548	0	295.783	178.366
156	82.5	548	0	304.298	180.241
156	77.625	548	0	312.813	181.741
156	72	548	0	321.327	182.866
156	65.625	548	0	329.842	183.616
156	58.5	548	0	338.357	183.991
156	50.625	548	0	346.871	183.991
156	42	548	0	355.386	183.616
156	32.625	548	0	363.901	182.866
156	22.5	548	0	372.415	181.741
156	11.625	548	0	380.93	180.241
156	0	548	0	389.445	178.366
156	0	548	0	397.959	176.116
156	0	548	0	406.474	173.491
156	0	548	0	414.989	170.491
156	0	548	0	423.503	167.116
156	0	548	0	432.018	163.366
156	0	548	0	440.533	159.241
156	0	548	0	449.047	154.741
156	0	548	0	457.562	149.866
156	0	548	11.625	466.077	144.616
156	0	542	22.5	474.592	138.991
156	0	536	32.625	483.106	132.991
156	0	530	42	491.621	126.616
156	0	524	50.625	500.136	119.866
156	0	518	58.5	508.65	112.741
156	0	512	65.625	518.06	112.107
156	0	506	72	527.397	120.357
156	0	500	77.625	536.734	128.232
156	0	506	82.5	546.07	135.732
156	0	512	86.625	555.407	142.857
156	0	518	90	564.744	149.607
156	0	524	92.625	574.081	155.982
156	0	530	94.5	583.417	161.982
156	0	536	95.625	592.754	167.607
156	0	542	96	602.091	172.857
156	0	548	95.625	611.428	177.732
156	0	554	94.5	620.764	182.232
156	0	560	92.625	630.101	186.357
156	0	566	90	639.438	190.107
156	0	572	86.625	648.775	193.482
156	0	578	82.5	658.111	196.482
156	0	584	77.625	667.448	199.107
156	0	590	72	676.785	201.357
162	0	596	65.625	686.121	203.232
168	0	602	58.5	695.458	204.732
174	0	608	50.625	704.795	205.857
180	0	614	42	714.132	206.607
186	0	620	32.625	723.468	206.982
192	0	626	22.5	732.805	206.982
198	0	632	11.625	723.468	206.607
204	0	638	0	714.132	205.857
210	0	632	0	704.795	204.732
216	0	626	0	695.458	203.232
222	0	620	0	686.121	201.357
228	0	614	0	676.785	199.107
234	0	608	0	667.448	196.482
240	0	602	0	658.111	193.482
246	0	596	0	648.775	190.107
252	0	590	0	639.438	186.357
258	0	584	0	630.101	182.232
264	0	578	0	620.764	177.732
270	0	572	0	611.428	172.857
276	0	566	0	602.091	167.607
282	0	560	0	592.754	161.982
288	0	554	0	583.417	155.982
294	0	548	0	574.081	149.607
300	0	542	0	564.744	142.857
306	0	536	0	555.407	135.732
312	0	530	0	546.07	128.232
318	0	530	11.625	536.734	120.357
324	0	536	22.5	527.397	112.107
330	0	542	32.625	518.06	103.482
334	0	548	42	508.723	94.4816
334	0	542	50.625	499.387	85.1066
334	0	536	58.5	490.05	75.3566
334	0	530	65.625	480.713	65.2316
334	0	524	72	471.376	54.7316
334	0	518	77.625	462.04	43.8566
334	0	512	82.5	452.703	32.6066
334	0	506	86.625	443.366	20.9816
150	0	600	0	150	133.5
150	0	600	0	150	133.5
150	0	600	0	150	133.125
150	0	600	0	150	132.375
150	0	600	0	150	131.25
150	0	600	0	150	129.75
150	0	600	0	150	127.875
150	0	600	0	150	125.625
150	0	600	0	150	123
150	0	600	0	150	120
150	0	600	0	150	116.625
150	0	600	0	150	112.875
150	0	600	0	150	108.75
150	0	600	0	150	104.25
150	0	600	0	150	99.375
150	0	600	0	150	94.125
150	0	600	0	150	88.5
144	11.625	600	0	150	82.5
138	22.5	600	0	150	76.125
144	32.625	600	0	151.553	78.8875
150	42	606	0	162.803	87.1375
156	50.625	612	0	174.053	95.0125
162	58.5	612	0	185.303	102.512
168	65.625	612	0	196.553	109.637
174	72	612	0	207.803	116.387
174	77.625	612	0	219.053	122.762
174	82.5	612	0	230.303	128.762
174	86.625	612	0	241.553	134.387
174	90	612	0	252.803	139.637
174	92.625	612	0	264.053	144.512
174	94.5	612	0	275.303	149.012
174	95.625	612	0	286.553	153.137
174	96	612	0	297.803	156.887
174	95.625	612	0	309.053	160.262
174	94.5	612	0	320.303	163.262
174	92.625	612	0	331.553	165.887
174	90	612	0	342.803	168.137
174	86.625	612	0	354.053	170.012
174	82.5	612	0	365.303	171.512
174	77.625	612	0	376.553	172.637
174	72	612	0	387.803	173.387
174	65.625	612	0	399.053	173.762
174	58.5	612	0	410.303	173.762
174	50.625	618	0	421.553	173.387
174	42	618	0	432.803	172.637
174	32.625	618	0	444.053	171.512
174	22.5	618	0	455.303	170.012
174	11.625	618	0	466.553	168.137
174	0	618	0	477.803	165.887
174	0	618	0	489.053	163.262
174	0	618	0	500.303	160.262
174	0	618	0	511.553	156.887
174	0	618	0	522.803	153.137
174	0	618	0	534.053	149.012
174	0	618	11.625	545.303	144.512
174	0	612	22.5	556.553	139.637
174	0	606	32.625	567.803	134.387
174	0	600	42	579.053	128.762
174	0	594	50.625	590.303	122.762
174	0	588	58.5	601.553	116.387
174	0	582	65.625	612.803	109.637
174	0	588	72	624.053	102.512
174	0	594	77.625	637.203	95.8123
174	0	600	82.5	648.453	94.7736
174	0	606	86.625	659.703	93.36
174	0	612	90	670.953	91.5714
174	0	618	92.625	682.203	89.4077
174	0	624	94.5	693.453	86.8691
174	0	630	95.625	704.703	83.9555
174	0	636	96	715.953	80.6668
174	0	642	95.625	727.203	77.0032
174	0	648	94.5	715.953	72.9646
174	0	654	92.625	704.703	68.5509
174	0	660	90	693.453	63.7623
174	0	666	86.625	682.203	58.5987
174	0	660	82.5	670.953	53.0601
174	0	654	77.625	659.703	47.1464
174	0	648	72	648.453	40.8578
174	0	642	65.625	637.203	34.1942
174	0	636	58.5	625.953	27.1555
174	0	630	50.625	614.703	19.7419
150	0	600	0	150	133.5
150	0	600	0	150	133.5
150	0	600	0	150	133.125
150	0	600	0	150	132.375
150	0	600	0	150	131.25
150	0	600	0	150	129.75
150	0	600	0	150	127.875
150	0	600	0	150	125.625
150	0	600	0	150	123
150	0	600	0	150	120
150	0	600	0	150	116.625
150	0	600	0	150	112.875
150	0	600	0	150	108.75
150	0	600	0	150	104.25
150	0	600	0	150	99.375
150	0	600	0	150	94.125
150	0	600	0	150	88.5
150	0	600	0	150	82.5
144	0	600	0	150	76.125
138	0	600	0	150	69.375
132	11.625	600	0	150	62.25
138	22.5	600	0	154.347	66.4323
144	32.625	600	0	165.597	74.6823
150	42	600	0	176.847	82.5573
156	50.625	600	0	188.097	90.0573
156	58.5	600	0	199.347	97.1823
156	65.625	600	0	210.597	103.932
156	72	600	0	221.847	110.307
156	77.625	600	0	233.097	116.307
156	82.5	600	0	244.347	121.932
156	86.625	600	0	255.597	127.182
156	90	600	0	266.847	132.057
156	92.625	600	0	278.097	136.557
156	94.5	600	0	289.347	140.682
156	95.625	600	0	300.597	144.432
156	96	600	0	311.847	147.807
156	95.625	600	0	323.097	150.807
156	94.5	600	0	334.347	153.432
156	92.625	600	0	345.597	155.682
156	90	600	0	356.847	157.557
156	86.625	600	0	368.097	159.057
156	82.5	600	0	379.347	160.182
156	77.625	600	0	390.597	160.932
156	72	600	0	401.847	161.307
156	65.625	600	0	413.097	161.307
156	58.5	600	0	424.347	160.932
156	50.625	600	0	435.597	160.182
156	42	600	0	446.847	159.057
156	32.625	600	0	458.097	157.557
156	22.5	600	0	469.347	155.682
156	11.625	600	0	480.597	153.432
156	0	600	0	491.847	150.807
156	0	600	0	503.097	147.807
156	0	600	11.625	514.347	144.432
156	0	594	22.5	525.597	140.682
156	0	588	32.625	536.847	136.557
156	0	582	42	548.097	132.057
156	0	576	50.625	559.347	127.182
156	0	570	58.5	570.597	121.932
156	0	564	65.625	581.847	116.307
156	0	558	72	593.097	110.307
156	0	564	77.625	604.347	103.932
156	0	570	82.5	615.597	97.1823
156	0	576	86.625	626.847	90.0573
162	0	582	90	638.097	82.5573
168	0	588	92.625	649.347	74.6823
174	0	594	94.5	660.597	66.4323
180	0	600	95.625	671.847	57.8073
186	0	606	96	683.097	48.8073
186	0	612	95.625	694.347	39.4323
186	0	618	94.5	705.597	29.6823
186	0	624	92.625	716.847	19.5573
