150	0	600	0	150	133.5
150	0	600	0	150	133.125
150	0	600	0	150	132.375
150	0	600	0	150	131.25
150	0	600	0	150	129.75
150	0	600	0	150	127.875
150	0	600	0	150	125.625
150	0	600	0	150	123
150	0	600	0	150	120
150	0	600	0	150	116.625
150	0	600	0	150	112.875
150	0	600	0	150	108.75
150	0	600	0	150	104.25
150	0	600	0	150	99.375
150	0	600	0	150	94.125
150	0	600	0	150	88.5
150	0	600	0	150	82.5
150	0	600	0	150	76.125
150	0	600	0	150	69.375
150	0	594	11.625	150	62.25
150	0	600	22.5	150	54.75
150	0	600	32.625	150	46.875
150	0	606	42	150	46.875
150	0	600	50.625	150	55.125
150	0	594	58.5	150	63
150	0	588	65.625	150	70.5
150	0	594	72	150	77.625
150	0	600	77.625	150	84.375
150	0	606	82.5	150	90.75
150	0	612	86.625	150	96.75
150	0	612	90	150	102.375
150	0	612	92.625	150	107.625
150	0	612	94.5	150	112.5
150	0	612	95.625	150	117
150	0	612	96	150	121.125
150	0	612	95.625	150	124.875
150	0	612	94.5	150	128.25
150	0	612	92.625	150	131.25
150	0	612	90	150	133.875
150	0	612	86.625	150	136.125
150	0	612	82.5	150	138
150	0	612	77.625	150	139.5
150	0	612	72	150	140.625
150	0	612	65.625	150	141.375
150	0	612	58.5	150	141.75
150	0	612	50.625	150	141.75
150	0	612	42	150	141.375
150	0	612	32.625	150	140.625
150	0	612	22.5	150	139.5
150	0	612	11.625	150	138
150	0	612	0	150	136.125
150	0	612	11.625	150	133.875
150	0	612	22.5	150	131.25
150	0	612	32.625	150	128.25
150	0	612	42	150	124.875
150	0	612	50.625	150	121.125
150	0	612	58.5	150	117
150	0	612	65.625	150	112.5
150	0	612	72	150	107.625
150	0	612	77.625	150	102.375
150	0	612	82.5	150	96.75
150	0	612	86.625	150	90.75
150	0	612	90	150	84.375
144	0	612	92.625	150	77.625
138	0	612	94.5	150	70.5
132	11.625	618	95.625	150	63
126	22.5	612	96	153.777	60.2588
132	32.625	606	95.625	165.027	68.5088
138	42	600	94.5	176.277	76.3838
144	50.625	606	92.625	187.527	83.8838
150	58.5	606	90	198.777	91.0088
150	65.625	606	86.625	210.027	97.7588
150	72	612	82.5	221.277	104.134
150	77.625	618	77.625	232.527	110.134
150	82.5	624	72	243.777	115.759
150	86.625	630	65.625	255.027	121.009
150	90	630	58.5	266.277	125.884
150	92.625	630	50.625	277.527	130.384
150	94.5	630	42	288.777	134.509
150	95.625	630	32.625	300.027	138.259
150	96	630	22.5	311.277	141.634
150	95.625	630	11.625	322.527	144.634
150	94.5	630	0	333.777	147.259
150	92.625	630	11.625	345.027	149.509
150	90	630	22.5	356.277	151.384
150	86.625	630	32.625	367.527	152.884
150	82.5	630	42	378.777	154.009
150	77.625	630	50.625	390.027	154.759
150	72	630	58.5	401.277	155.134
150	65.625	630	65.625	412.527	155.134
150	58.5	630	72	423.777	154.759
150	50.625	630	77.625	435.027	154.009
150	42	630	82.5	446.277	152.884
150	32.625	630	86.625	457.527	151.384
150	22.5	630	90	468.777	149.509
150	11.625	630	92.625	480.027	147.259
150	0	630	94.5	491.277	144.634
150	0	630	95.625	502.527	141.634
150	0	630	96	513.777	138.259
150	0	630	95.625	525.027	134.509
150	0	630	94.5	536.277	130.384
150	0	630	92.625	547.527	125.884
150	0	630	90	558.777	121.009
150	0	630	86.625	570.027	115.759
150	0	630	82.5	581.277	110.134
150	0	630	77.625	591.732	104.696
150	0	630	72	586.572	98.5002
150	0	630	65.625	581.412	91.9295
150	0	630	58.5	576.251	84.9838
150	0	630	50.625	571.091	77.6631
150	0	630	42	565.931	69.9674
150	0	636	32.625	560.771	61.8968
150	0	642	22.5	555.61	53.4511
150	0	648	11.625	550.45	44.6304
150	0	654	0	545.29	35.4347
150	0	660	11.625	540.13	25.864
150	0	666	22.5	534.97	15.9184
150	0	600	0	150	133.5
150	0	600	0	150	133.5
150	0	600	0	150	133.125
150	0	600	0	150	132.375
150	0	600	0	150	131.25
150	0	600	0	150	129.75
150	0	600	0	150	127.875
150	0	600	0	150	125.625
150	0	600	0	150	123
150	0	600	0	150	120
150	0	600	0	150	116.625
150	0	600	0	150	112.875
150	0	600	0	150	108.75
150	0	600	0	150	104.25
150	0	600	0	150	99.375
144	0	600	0	150	94.125
138	0	600	0	150	88.5
132	11.625	600	0	150	82.5
138	22.5	600	0	150	76.125
144	32.625	600	0	151.553	78.8875
150	42	606	0	162.803	87.1375
156	50.625	612	0	174.053	95.0125
162	58.5	612	0	185.303	102.512
168	65.625	618	0	196.553	109.637
168	72	624	0	207.803	116.387
168	77.625	630	0	219.053	122.762
168	82.5	630	0	230.303	128.762
168	86.625	636	0	241.553	134.387
168	90	636	0	252.803	139.637
168	92.625	642	0	264.053	144.512
168	94.5	642	0	275.303	149.012
168	95.625	642	0	286.553	153.137
168	96	642	0	297.803	156.887
168	95.625	642	0	309.053	160.262
168	94.5	642	0	320.303	163.262
168	92.625	642	0	331.553	165.887
168	90	642	0	342.803	168.137
168	86.625	642	0	354.053	170.012
168	82.5	642	0	365.303	171.512
168	77.625	642	0	376.553	172.637
168	72	642	0	387.803	173.387
168	65.625	642	0	399.053	173.762
168	58.5	642	0	410.303	173.762
168	50.625	642	0	421.553	173.387
168	42	642	0	432.803	172.637
168	32.625	642	0	444.053	171.512
168	22.5	642	0	455.303	170.012
168	11.625	642	0	466.553	168.137
168	0	642	0	477.803	165.887
168	0	642	0	489.053	163.262
168	0	642	0	500.303	160.262
168	0	642	0	511.553	156.887
168	0	642	0	522.803	153.137
168	0	642	0	534.053	149.012
168	0	642	0	545.303	144.512
168	0	642	0	556.553	139.637
168	0	642	0	567.803	134.387
168	0	642	11.625	579.053	128.762
168	0	642	22.5	590.303	122.762
168	0	642	32.625	601.553	116.387
168	0	642	42	612.803	109.637
168	0	642	50.625	624.053	102.512
168	0	642	58.5	633.543	104.606
168	0	642	65.625	633.414	112.856
168	0	642	72	633.285	120.731
168	0	642	77.625	633.156	128.231
168	0	642	82.5	633.027	135.356
168	0	642	86.625	632.898	142.106
168	0	642	90	632.769	148.481
168	0	642	92.625	632.64	154.481
168	0	642	94.5	632.511	160.106
168	0	642	95.625	632.382	165.356
168	0	642	96	632.253	170.231
168	0	642	95.625	632.124	174.731
168	0	642	94.5	631.995	178.856
168	0	642	92.625	631.866	182.606
168	0	642	90	631.737	185.981
168	0	642	86.625	631.608	188.981
168	0	642	82.5	631.479	191.606
168	0	642	77.625	631.35	193.856
168	0	642	72	631.221	195.731
168	0	642	65.625	631.092	197.231
168	0	642	58.5	630.963	198.356
168	0	642	50.625	630.834	199.106
168	0	642	42	630.705	199.481
168	0	642	32.625	630.576	199.481
168	0	642	22.5	630.447	199.106
168	0	642	11.625	630.318	198.356
168	0	642	0	630.189	197.231
174	0	642	11.625	630.06	195.731
180	0	642	22.5	629.931	193.856
186	0	642	32.625	629.802	191.606
192	0	642	42	629.673	188.981
198	0	642	50.625	629.544	185.981
204	0	642	58.5	629.414	182.606
210	0	642	65.625	629.285	178.856
216	0	642	72	629.156	174.731
222	0	642	77.625	629.027	170.231
228	0	642	82.5	628.898	165.356
228	0	642	86.625	628.769	160.106
228	0	642	90	628.64	154.481
228	0	642	92.625	628.511	148.481
228	0	642	94.5	628.382	142.106
228	0	642	95.625	626.673	139.923
228	0	636	96	617.301	146.53
228	0	630	95.625	607.93	152.761
228	0	624	94.5	598.558	158.618
228	0	618	92.625	589.186	164.099
228	0	612	90	579.815	169.205
228	0	606	86.625	570.443	173.937
228	0	600	82.5	561.072	178.293
228	0	594	77.625	551.7	182.275
228	0	588	72	542.328	185.881
228	0	582	65.625	532.957	189.112
228	0	576	58.5	523.585	191.969
228	0	570	50.625	514.214	194.45
228	0	564	42	504.842	196.557
228	0	558	32.625	495.47	198.288
228	0	552	22.5	486.099	199.644
222	0	546	11.625	476.727	200.626
216	0	540	0	467.355	201.232
210	0	534	0	457.984	201.464
204	0	528	0	448.612	201.32
198	0	522	0	439.241	200.801
192	0	516	0	429.869	199.908
186	0	510	0	420.497	198.639
180	0	504	0	411.126	196.995
174	0	498	0	401.754	194.977
168	0	492	0	392.383	192.583
162	0	486	0	383.011	189.815
156	0	486	0	373.639	186.671
150	0	486	0	364.268	183.152
144	0	486	0	354.896	179.259
144	0	486	0	345.525	174.99
144	0	486	0	336.153	170.347
144	0	486	0	326.781	165.328
144	0	486	0	317.41	159.934
144	0	486	0	308.038	154.166
144	0	486	0	298.666	148.022
144	0	486	0	289.295	141.504
144	0	486	0	279.923	134.61
138	0	486	0	270.552	127.341
132	0	486	0	261.18	119.698
126	0	486	0	251.808	111.679
120	0	486	0	242.437	103.286
114	0	486	0	233.065	94.5171
108	0	486	0	223.694	85.3734
114	0	486	0	214.322	75.8548
120	0	486	0	204.95	65.9612
126	0	486	0	195.579	55.6926
132	0	486	0	186.207	45.049
138	11.625	486	0	178.602	35.0497
144	22.5	480	11.625	189.852	43.2997
150	32.625	474	22.5	201.102	51.1747
156	42	480	32.625	212.352	58.6747
162	50.625	486	42	223.602	65.7997
168	58.5	492	50.625	234.852	72.5497
174	65.625	498	58.5	246.102	78.9247
180	72	498	65.625	257.352	84.9247
186	77.625	504	72	268.602	90.5497
192	82.5	504	77.625	279.852	95.7997
198	86.625	504	82.5	291.102	100.675
204	90	504	86.625	302.352	105.175
204	92.625	504	90	313.602	109.3
204	94.5	504	92.625	324.852	113.05
204	95.625	504	94.5	336.102	116.425
204	96	504	95.625	347.352	119.425
204	95.625	504	96	358.602	122.05
204	94.5	504	95.625	369.852	124.3
204	92.625	504	94.5	381.102	126.175
204	90	504	92.625	392.352	127.675
204	86.625	504	90	403.602	128.8
204	82.5	504	86.625	414.852	129.55
204	77.625	504	82.5	426.102	129.925
204	72	504	77.625	437.352	129.925
204	65.625	504	72	448.602	129.55
204	58.5	504	65.625	459.852	128.8
204	50.625	504	58.5	471.102	127.675
204	42	504	50.625	482.352	126.175
204	32.625	504	42	493.602	124.3
204	22.5	504	32.625	504.852	122.05
204	11.625	504	22.5	516.102	119.425
204	0	504	11.625	527.352	116.425
204	0	504	0	538.602	113.05
204	0	504	11.625	549.852	109.3
204	0	504	22.5	561.102	105.175
204	0	504	32.625	572.352	100.675
204	0	504	42	583.602	95.7997
204	0	504	50.625	594.852	90.5497
204	0	504	58.5	606.102	84.9247
210	0	504	65.625	617.352	78.9247
216	0	504	72	628.602	72.5497
222	0	510	77.625	639.852	65.7997
228	0	516	82.5	651.102	58.6747
234	0	522	86.625	662.352	51.1747
240	0	528	90	673.602	43.2997
246	0	534	92.625	684.852	35.0497
252	0	540	94.5	696.102	26.4247
258	0	546	95.625	707.352	17.4247
150	0	600	0	150	133.5
150	0	600	11.625	150	133.5
150	0	600	22.5	150	133.125
150	0	600	32.625	150	132.375
150	0	600	42	150	131.25
150	0	600	50.625	150	129.75
150	0	600	58.5	150	127.875
150	0	600	65.625	150	125.625
150	0	600	72	150	123
150	0	600	77.625	150	120
150	0	600	82.5	150	116.625
150	0	600	86.625	150	112.875
150	0	600	90	150	108.75
150	0	600	92.625	150	104.25
150	0	600	94.5	150	99.375
150	0	600	95.625	150	94.125
150	0	600	96	150	88.5
150	0	600	95.625	150	82.5
150	0	600	94.5	150	76.125
150	0	600	92.625	150	69.375
150	0	606	90	150	62.25
150	0	600	86.625	150	54.75
150	0	594	82.5	150	46.875
150	0	600	77.625	150	46.875
150	0	606	72	150	55.125
150	0	600	65.625	150	63
150	0	594	58.5	150	70.5
150	0	600	50.625	150	77.625
150	0	606	42	150	84.375
150	0	606	32.625	150	90.75
150	0	606	22.5	150	96.75
150	0	606	11.625	150	102.375
150	0	606	0	150	107.625
150	0	612	11.625	150	112.5
150	0	612	22.5	150	117
150	0	612	32.625	150	121.125
150	0	612	42	150	124.875
150	0	612	50.625	150	128.25
150	0	612	58.5	150	131.25
150	0	612	65.625	150	133.875
150	0	612	72	150	136.125
150	0	612	77.625	150	138
150	0	612	82.5	150	139.5
150	0	612	86.625	150	140.625
150	0	612	90	150	141.375
150	0	612	92.625	150	141.75
150	0	612	94.5	150	141.75
150	0	612	95.625	150	141.375
150	0	612	96	150	140.625
150	0	612	95.625	150	139.5
150	0	612	94.5	150	138
150	0	612	92.625	150	136.125
150	0	612	90	150	133.875
150	0	612	86.625	150	131.25
150	0	612	82.5	150	128.25
150	0	612	77.625	150	124.875
150	0	612	72	150	121.125
150	0	612	65.625	150	117
150	0	612	58.5	150	112.5
144	0	612	50.625	150	107.625
138	0	612	42	150	102.375
132	0	612	32.625	150	96.75
126	0	612	22.5	150	90.75
120	0	612	11.625	150	84.375
114	11.625	612	0	150	77.625
120	22.5	612	11.625	150	70.5
126	32.625	606	22.5	155.061	69.4048
132	42	600	32.625	166.311	77.6548
138	50.625	606	42	177.561	85.5298
144	58.5	606	50.625	188.811	93.0298
144	65.625	612	58.5	200.061	100.155
144	72	612	65.625	211.311	106.905
144	77.625	612	72	222.561	113.28
144	82.5	618	77.625	233.811	119.28
144	86.625	624	82.5	245.061	124.905
144	90	624	86.625	256.311	130.155
144	92.625	624	90	267.561	135.03
144	94.5	624	92.625	278.811	139.53
144	95.625	624	94.5	290.061	143.655
144	96	624	95.625	301.311	147.405
144	95.625	624	96	312.561	150.78
144	94.5	624	95.625	323.811	153.78
144	92.625	624	94.5	335.061	156.405
144	90	624	92.625	346.311	158.655
144	86.625	624	90	357.561	160.53
144	82.5	624	86.625	368.811	162.03
144	77.625	624	82.5	380.061	163.155
144	72	624	77.625	391.311	163.905
144	65.625	624	72	402.561	164.28
144	58.5	624	65.625	413.811	164.28
144	50.625	624	58.5	425.061	163.905
144	42	624	50.625	436.311	163.155
144	32.625	624	42	447.561	162.03
144	22.5	624	32.625	458.811	160.53
144	11.625	624	22.5	470.061	158.655
144	0	624	11.625	481.311	156.405
144	0	624	0	492.561	153.78
144	0	624	11.625	503.811	150.78
144	0	624	22.5	515.061	147.405
144	0	624	32.625	526.311	143.655
144	0	624	42	537.561	139.53
144	0	624	50.625	548.811	135.03
144	0	624	58.5	560.061	130.155
144	0	624	65.625	571.311	124.905
144	0	624	72	582.561	119.28
144	0	624	77.625	593.71	113.399
144	0	630	82.5	582.46	121.649
144	0	636	86.625	571.21	129.524
144	0	642	90	559.96	137.024
144	0	648	92.625	548.71	144.149
144	0	648	94.5	537.46	150.899
144	0	648	95.625	526.21	157.274
144	0	648	96	514.96	163.274
144	0	648	95.625	503.71	168.899
150	0	648	94.5	492.46	174.149
156	0	648	92.625	481.21	179.024
162	0	648	90	469.96	183.524
168	0	648	86.625	458.71	187.649
174	0	648	82.5	447.46	191.399
180	0	648	77.625	436.21	194.774
186	0	648	72	424.96	197.774
192	0	648	65.625	413.71	200.399
198	0	648	58.5	402.46	202.649
198	0	648	50.625	391.21	204.524
198	0	648	42	379.96	206.024
198	0	648	32.625	368.71	207.149
198	0	648	22.5	357.46	207.899
198	0	648	11.625	346.21	208.274
198	0	648	0	334.96	208.274
192	0	648	0	323.71	207.899
186	0	648	0	312.46	207.149
180	0	648	0	301.21	206.024
174	0	648	0	289.96	204.524
168	0	648	0	278.71	202.649
162	0	648	0	267.46	200.399
156	0	648	0	256.21	197.774
150	0	648	0	244.96	194.774
144	0	648	0	233.71	191.399
138	0	648	0	222.46	187.649
132	0	648	0	211.21	183.524
126	0	648	0	199.96	179.024
120	0	648	0	188.71	174.149
114	0	648	0	177.46	168.899
108	0	648	0	166.21	163.274
102	0	648	0	154.96	157.274
96	0	648	0	143.71	150.899
90	0	648	0	132.46	144.149
84	0	648	0	121.21	137.024
78	0	648	0	109.96	129.524
72	11.625	648	0	98.7097	121.649
66	22.5	648	0	87.4597	113.399
72	32.625	648	0	76.2097	104.774
78	42	648	0	64.9597	95.7738
84	50.625	648	0	53.7097	86.3988
90	58.5	648	0	42.4597	76.6488
96	65.625	648	0	31.2097	66.5238
102	72	642	11.625	19.9597	56.0238
108	77.625	648	22.5	31.2097	45.1488
114	82.5	654	32.625	42.4597	33.8988
120	86.625	648	42	53.7097	22.2738
150	0	600	0	600	133.5
150	0	600	0	600	133.5
150	0	600	0	600	133.125
150	0	600	0	600	132.375
150	0	600	0	600	131.25
150	0	600	0	600	129.75
150	0	600	0	600	127.875
150	0	600	0	600	125.625
150	0	600	0	600	123
150	0	600	0	600	120
150	0	600	0	600	116.625
150	0	600	0	600	112.875
150	0	600	0	600	108.75
150	0	600	0	600	104.25
150	0	600	0	600	99.375
150	0	600	0	600	94.125
150	0	600	0	600	88.5
150	0	600	0	600	82.5
150	0	600	0	600	76.125
150	0	600	0	600	69.375
150	0	600	0	600	62.25
150	0	600	0	600	54.75
150	0	600	0	600	46.875
150	0	600	0	600	46.875
150	0	606	0	600	55.125
150	0	612	0	600	63
150	0	618	0	600	70.5
150	0	624	0	600	77.625
150	0	630	0	600	84.375
150	0	636	0	600	90.75
144	0	642	0	600	96.75
138	0	648	0	600	102.375
132	0	648	0	600	107.625
126	0	648	0	600	112.5
120	0	648	0	600	117
120	0	648	0	600	121.125
120	0	648	0	600	124.875
120	0	648	0	600	128.25
120	0	648	0	600	131.25
120	0	648	0	600	133.875
120	0	648	0	600	136.125
120	0	648	0	600	138
120	0	648	0	600	139.5
120	0	648	0	600	140.625
120	0	648	0	600	141.375
120	0	648	0	600	141.75
126	0	648	0	600	141.75
132	0	648	0	600	141.375
138	0	648	0	600	140.625
144	0	648	11.625	600	139.5
150	0	648	22.5	600	138
156	0	648	32.625	600	136.125
162	0	648	42	600	133.875
168	0	648	50.625	600	131.25
174	0	648	58.5	600	128.25
180	0	648	65.625	600	124.875
186	0	648	72	600	121.125
186	0	648	77.625	600	117
186	0	648	82.5	600	112.5
186	0	642	86.625	600	107.625
186	0	636	90	591.671	105.238
186	0	636	92.625	580.421	105.826
186	0	636	94.5	569.171	106.04
186	0	636	95.625	557.921	105.878
186	0	636	96	546.671	105.341
186	0	636	95.625	535.421	104.429
186	0	636	94.5	524.171	103.142
186	0	636	92.625	512.921	101.481
186	0	636	90	501.671	99.4438
186	0	636	86.625	490.421	97.032
186	0	636	82.5	479.171	94.2452
186	0	636	77.625	467.921	91.0834
186	0	636	72	456.671	87.5466
180	0	636	65.625	445.421	83.6348
174	0	636	58.5	434.171	79.348
168	0	630	50.625	422.921	74.6863
162	0	630	42	411.671	69.6495
156	0	630	32.625	400.421	64.2377
150	0	630	22.5	389.171	58.4509
144	0	630	11.625	377.921	52.2891
150	0	630	0	366.671	45.7523
156	0	624	11.625	377.921	38.8405
162	0	618	22.5	366.671	31.5537
168	0	612	32.625	377.921	23.8919
174	0	606	42	366.671	15.8551
150	0	600	0	150	133.5
150	0	600	0	150	133.5
150	0	600	0	150	133.125
150	0	600	0	150	132.375
150	0	600	0	150	131.25
150	0	600	0	150	129.75
150	0	600	0	150	127.875
150	0	600	0	150	125.625
150	0	600	0	150	123
150	0	600	0	150	120
150	0	600	0	150	116.625
150	0	600	0	150	112.875
150	0	600	0	150	108.75
150	0	600	0	150	104.25
150	0	600	0	150	99.375
150	0	600	0	150	94.125
150	0	600	0	150	88.5
150	0	600	0	150	82.5
150	0	600	0	150	76.125
150	0	600	0	150	69.375
150	0	606	11.625	150	62.25
150	0	612	22.5	150	54.75
150	0	606	32.625	150	46.875
150	0	606	42	150	46.875
150	0	612	50.625	150	55.125
150	0	618	58.5	150	63
150	0	612	65.625	150	70.5
150	0	618	72	150	77.625
150	0	618	77.625	150	84.375
150	0	624	82.5	150	90.75
150	0	630	86.625	150	96.75
150	0	630	90	150	102.375
150	0	636	92.625	150	107.625
150	0	642	94.5	150	112.5
150	0	642	95.625	150	117
150	0	642	96	150	121.125
150	0	642	95.625	150	124.875
150	0	642	94.5	150	128.25
150	0	642	92.625	150	131.25
150	0	642	90	150	133.875
150	0	642	86.625	150	136.125
150	0	642	82.5	150	138
150	0	642	77.625	150	139.5
150	0	642	72	150	140.625
150	0	642	65.625	150	141.375
150	0	642	58.5	150	141.75
150	0	642	50.625	150	141.75
150	0	642	42	150	141.375
150	0	642	32.625	150	140.625
150	0	642	22.5	150	139.5
150	0	642	11.625	150	138
150	0	642	0	150	136.125
150	0	642	11.625	150	133.875
150	0	642	22.5	150	131.25
150	0	642	32.625	150	128.25
150	0	642	42	150	124.875
150	0	642	50.625	150	121.125
150	0	642	58.5	150	117
150	0	642	65.625	150	112.5
150	0	642	72	150	107.625
150	0	642	77.625	150	102.375
150	0	636	82.5	150	96.75
144	0	636	86.625	150	90.75
138	0	630	90	150	84.375
132	11.625	630	92.625	150	77.625
126	22.5	630	94.5	150	70.5
132	32.625	636	95.625	155.897	72.9512
138	42	642	96	167.147	81.2012
144	50.625	642	95.625	178.397	89.0762
150	58.5	648	94.5	189.647	96.5762
156	65.625	648	92.625	200.897	103.701
156	72	648	90	212.147	110.451
156	77.625	648	86.625	223.397	116.826
156	82.5	648	82.5	234.647	122.826
156	86.625	648	77.625	245.897	128.451
156	90	648	72	257.147	133.701
156	92.625	648	65.625	268.397	138.576
156	94.5	648	58.5	279.647	143.076
156	95.625	648	50.625	290.897	147.201
156	96	648	42	302.147	150.951
156	95.625	648	32.625	313.397	154.326
156	94.5	648	22.5	324.647	157.326
156	92.625	648	11.625	335.897	159.951
156	90	648	0	347.147	162.201
156	86.625	648	0	358.397	164.076
156	82.5	648	0	369.647	165.576
156	77.625	648	0	380.897	166.701
156	72	648	0	392.147	167.451
156	65.625	648	0	403.397	167.826
156	58.5	648	0	414.647	167.826
156	50.625	648	0	425.897	167.451
156	42	648	0	437.147	166.701
156	32.625	648	11.625	448.397	165.576
156	22.5	648	22.5	459.647	164.076
156	11.625	648	32.625	470.897	162.201
156	0	648	42	482.147	159.951
156	0	648	50.625	493.397	157.326
156	0	648	58.5	504.647	154.326
156	0	648	65.625	515.897	150.951
156	0	648	72	527.147	147.201
156	0	648	77.625	538.397	143.076
156	0	648	82.5	549.647	138.576
156	0	642	86.625	560.897	133.701
162	0	636	90	572.147	128.451
168	0	630	92.625	583.397	122.826
174	0	630	94.5	590.367	119.529
180	0	630	95.625	579.117	123.635
186	0	630	96	567.867	127.366
192	0	630	95.625	556.617	130.721
198	0	630	94.5	545.367	133.702
204	0	630	92.625	534.117	136.308
210	0	630	90	522.867	138.538
216	0	630	86.625	511.617	140.394
222	0	630	82.5	500.367	141.875
228	0	630	77.625	489.117	142.98
234	0	630	72	477.867	143.711
240	0	630	65.625	466.617	144.067
240	0	630	58.5	455.367	144.047
240	0	630	50.625	444.117	143.653
240	0	630	42	432.867	142.884
240	0	630	32.625	421.617	141.739
234	0	630	22.5	410.367	140.22
228	0	630	11.625	399.117	138.326
222	0	630	0	387.867	136.056
216	0	630	0	376.617	133.412
210	0	630	0	365.367	130.393
210	0	630	0	354.117	126.998
210	0	630	0	342.867	123.229
210	0	630	0	331.617	119.085
210	0	630	0	320.367	114.565
210	0	630	0	309.117	109.671
210	0	630	0	297.867	104.402
216	0	630	0	286.617	98.7574
222	0	630	0	275.367	92.7381
228	0	630	0	264.117	86.3438
234	0	630	0	252.867	79.5745
240	11.625	630	0	241.617	72.4301
246	22.5	636	11.625	229.787	66.482
252	32.625	642	22.5	218.537	74.732
258	42	648	32.625	207.287	82.607
264	50.625	648	42	196.037	90.107
270	58.5	648	50.625	184.787	97.232
270	65.625	648	58.5	173.537	103.982
270	72	648	65.625	162.287	110.357
270	77.625	648	72	151.037	116.357
270	82.5	648	77.625	139.787	121.982
270	86.625	648	82.5	128.537	127.232
270	90	648	86.625	117.287	132.107
270	92.625	648	90	106.037	136.607
270	94.5	648	92.625	94.7875	140.732
270	95.625	648	94.5	83.5375	144.482
270	96	648	95.625	72.2875	147.857
270	95.625	648	96	61.0375	150.857
270	94.5	648	95.625	49.7875	153.482
270	92.625	648	94.5	38.5375	155.732
270	90	648	92.625	27.2875	157.607
270	86.625	648	90	16.0375	159.107
270	82.5	648	86.625	27.2875	160.232
270	77.625	648	82.5	38.5375	160.982
270	72	648	77.625	49.7875	161.357
270	65.625	648	72	61.0375	161.357
270	58.5	648	65.625	72.2875	160.982
270	50.625	648	58.5	83.5375	160.232
270	42	648	50.625	94.7875	159.107
270	32.625	648	42	106.037	157.607
270	22.5	648	32.625	117.287	155.732
270	11.625	648	22.5	128.537	153.482
270	0	648	11.625	139.787	150.857
270	0	648	0	151.037	147.857
270	0	648	0	162.287	144.482
270	0	648	0	173.537	140.732
270	0	648	0	184.787	136.607
270	0	648	0	196.037	132.107
270	0	648	0	207.287	127.232
270	0	648	0	218.537	121.982
270	0	648	0	229.787	116.357
276	0	648	0	241.037	110.357
282	0	648	0	252.287	103.982
288	0	648	0	263.537	97.232
294	0	648	0	274.787	90.107
300	11.625	648	0	286.037	82.607
306	22.5	648	0	297.287	74.732
312	32.625	654	11.625	307.231	79.2568
318	42	654	22.5	317.058	88.8655
324	50.625	654	32.625	328.325	97.3
330	58.5	654	42	339.575	105.175
334	65.625	654	50.625	350.825	112.675
334	72	654	58.5	362.075	119.8
334	77.625	654	65.625	373.325	126.55
334	82.5	654	72	384.575	132.925
334	86.625	654	77.625	395.825	138.925
334	90	654	82.5	407.075	144.55
334	92.625	654	86.625	418.325	149.8
334	94.5	654	90	429.575	154.675
334	95.625	654	92.625	440.825	159.175
334	96	654	94.5	452.075	163.3
334	95.625	654	95.625	463.325	167.05
334	94.5	654	96	474.575	170.425
334	92.625	654	95.625	485.825	173.425
334	90	654	94.5	497.075	176.05
334	86.625	654	92.625	508.325	178.3
334	82.5	654	90	519.575	180.175
334	77.625	654	86.625	530.825	181.675
334	72	654	82.5	542.075	182.8
334	65.625	654	77.625	553.325	183.55
334	58.5	654	72	564.575	183.925
334	50.625	654	65.625	575.825	183.925
334	42	654	58.5	587.075	183.55
334	32.625	654	50.625	598.325	182.8
328	22.5	654	42	609.575	181.675
322	11.625	654	32.625	620.825	180.175
316	0	654	22.5	632.075	178.3
316	0	654	11.625	643.325	176.05
316	0	654	0	654.575	173.425
316	0	654	0	665.825	170.425
316	0	654	0	677.075	167.05
316	0	654	0	688.325	163.3
316	0	654	0	699.575	159.175
316	0	654	0	710.825	154.675
316	0	654	0	722.075	149.8
316	0	654	0	733.325	144.55
316	0	654	0	722.075	138.925
316	0	654	0	710.825	132.925
316	0	654	0	699.575	126.55
316	0	654	0	688.325	119.8
316	0	654	0	677.075	112.675
316	0	654	0	665.825	105.175
316	0	654	0	654.575	97.3
316	0	654	0	643.325	89.05
316	0	654	0	632.075	80.425
316	0	654	0	620.825	71.425
316	0	660	11.625	609.575	62.05
316	0	666	22.5	598.325	52.3
316	0	672	32.625	587.075	42.175
316	0	678	42	575.825	31.675
316	0	684	50.625	564.575	20.8
150	0	600	0	150	133.5
150	0	600	11.625	150	133.5
150	0	600	22.5	150	133.125
150	0	600	32.625	150	132.375
150	0	600	42	150	131.25
150	0	600	50.625	150	129.75
150	0	600	58.5	150	127.875
150	0	600	65.625	150	125.625
150	0	600	72	150	123
150	0	600	77.625	150	120
150	0	600	82.5	150	116.625
150	0	600	86.625	150	112.875
150	0	600	90	150	108.75
150	0	600	92.625	150	104.25
150	0	600	94.5	150	99.375
144	0	600	95.625	150	94.125
138	0	600	96	150	88.5
132	0	600	95.625	150	82.5
126	11.625	600	94.5	150	76.125
132	22.5	600	92.625	150	69.375
138	32.625	600	90	155.598	76.0711
144	42	606	86.625	166.848	84.3211
150	50.625	612	82.5	178.098	92.1961
156	58.5	618	77.625	189.348	99.6961
162	65.625	624	72	200.598	106.821
162	72	624	65.625	211.848	113.571
162	77.625	624	58.5	223.098	119.946
162	82.5	624	50.625	234.348	125.946
162	86.625	630	42	245.598	131.571
162	90	636	32.625	256.848	136.821
162	92.625	636	22.5	268.098	141.696
162	94.5	636	11.625	279.348	146.196
162	95.625	636	0	290.598	150.321
162	96	636	0	301.848	154.071
162	95.625	636	0	313.098	157.446
162	94.5	636	0	324.348	160.446
162	92.625	636	0	335.598	163.071
162	90	636	0	346.848	165.321
162	86.625	636	0	358.098	167.196
162	82.5	636	0	369.348	168.696
162	77.625	636	0	380.598	169.821
162	72	636	0	391.848	170.571
162	65.625	636	0	403.098	170.946
162	58.5	636	0	414.348	170.946
162	50.625	636	0	425.598	170.571
162	42	636	0	436.848	169.821
162	32.625	636	0	448.098	168.696
162	22.5	636	0	459.348	167.196
162	11.625	636	0	470.598	165.321
162	0	636	0	481.848	163.071
162	0	636	0	493.098	160.446
162	0	636	0	504.348	157.446
162	0	636	0	515.598	154.071
168	0	636	0	526.848	150.321
174	0	636	0	538.098	146.196
180	0	636	0	549.348	141.696
186	0	636	0	560.598	136.821
192	0	636	0	571.848	131.571
198	0	636	0	583.098	125.946
204	0	636	0	594.348	119.946
210	0	636	0	605.598	113.571
216	0	636	0	616.848	106.821
222	0	636	0	628.098	99.6961
228	0	636	0	639.348	92.1961
234	0	636	0	650.598	84.3211
234	0	636	0	661.848	76.0711
234	0	636	0	673.098	67.4461
234	0	642	11.625	684.348	58.4461
234	0	648	22.5	695.598	49.0711
234	0	654	32.625	706.848	39.3211
234	0	660	42	718.098	29.1961
234	0	666	50.625	729.348	18.6961
150	0	600	0	150	133.5
150	0	600	0	150	133.5
150	0	600	0	150	133.125
150	0	600	0	150	132.375
150	0	600	0	150	131.25
150	0	600	0	150	129.75
150	0	600	0	150	127.875
150	0	600	0	150	125.625
150	0	600	0	150	123
150	0	600	0	150	120
150	0	600	0	150	116.625
150	0	600	0	150	112.875
150	0	600	0	150	108.75
150	0	600	0	150	104.25
150	0	600	0	150	99.375
150	0	600	0	150	94.125
150	0	600	0	150	88.5
150	0	600	0	150	82.5
144	0	600	0	150	76.125
138	11.625	600	0	150	69.375
144	22.5	594	11.625	150.996	68.85
150	32.625	600	22.5	162.444	77.8181
156	42	606	32.625	173.694	86.0681
162	50.625	606	42	184.944	93.9431
168	58.5	606	50.625	196.194	101.443
168	65.625	612	58.5	207.444	108.568
168	72	612	65.625	218.694	115.318
168	77.625	612	72	229.944	121.693
168	82.5	612	77.625	241.194	127.693
168	86.625	612	82.5	252.444	133.318
168	90	612	86.625	263.694	138.568
168	92.625	612	90	274.944	143.443
168	94.5	612	92.625	286.194	147.943
168	95.625	612	94.5	297.444	152.068
168	96	612	95.625	308.694	155.818
168	95.625	612	96	319.944	159.193
168	94.5	612	95.625	331.194	162.193
168	92.625	612	94.5	342.444	164.818
168	90	612	92.625	353.694	167.068
168	86.625	612	90	364.944	168.943
168	82.5	612	86.625	376.194	170.443
168	77.625	606	82.5	387.444	171.568
168	72	600	77.625	398.694	172.318
168	65.625	594	72	409.944	172.693
168	58.5	588	65.625	421.194	172.693
168	50.625	582	58.5	432.444	172.318
168	42	576	50.625	443.694	171.568
168	32.625	570	42	454.944	170.443
168	22.5	564	32.625	466.194	168.943
168	11.625	558	22.5	477.444	167.068
168	0	552	11.625	488.694	164.818
168	0	546	0	499.944	162.193
168	0	552	11.625	511.194	159.193
168	0	546	22.5	522.444	155.818
168	0	552	32.625	533.694	152.068
168	0	558	42	544.944	147.943
168	0	564	50.625	556.194	143.443
168	0	570	58.5	567.444	138.568
168	0	576	65.625	578.694	133.318
168	0	570	72	589.944	127.693
168	0	564	77.625	601.194	121.693
168	0	570	82.5	612.444	115.318
168	0	576	86.625	623.694	108.568
168	0	582	90	634.944	101.443
168	0	588	92.625	646.194	93.9431
168	0	594	94.5	657.444	86.0681
168	0	600	95.625	668.694	77.8181
168	0	606	96	679.944	69.1931
168	0	612	95.625	691.194	60.1931
168	0	618	94.5	702.444	50.8181
168	0	624	92.625	713.694	41.0681
168	0	630	90	724.944	30.9431
168	0	630	86.625	736.194	20.4431
150	0	600	0	150	133.5
150	0	600	0	150	133.5
150	0	600	0	150	133.125
150	0	600	0	150	132.375
150	0	600	0	150	131.25
150	0	600	0	150	129.75
150	0	600	0	150	127.875
150	0	600	0	150	125.625
150	0	600	0	150	123
150	0	600	0	150	120
150	0	600	0	150	116.625
150	0	600	0	150	112.875
150	0	600	0	150	108.75
150	0	600	0	150	104.25
150	0	600	0	150	99.375
150	0	600	0	150	94.125
150	0	600	0	150	88.5
150	0	600	0	150	82.5
144	0	600	0	150	76.125
138	11.625	600	0	150	69.375
144	22.5	606	11.625	150.996	68.85
150	32.625	612	22.5	162.444	77.8181
156	42	612	32.625	173.694	86.0681
162	50.625	612	42	184.944	93.9431
168	58.5	612	50.625	196.194	101.443
174	65.625	618	58.5	207.444	108.568
174	72	618	65.625	218.694	115.318
174	77.625	618	72	229.944	121.693
174	82.5	618	77.625	241.194	127.693
174	86.625	618	82.5	252.444	133.318
174	90	618	86.625	263.694	138.568
174	92.625	618	90	274.944	143.443
174	94.5	618	92.625	286.194	147.943
174	95.625	618	94.5	297.444	152.068
174	96	618	95.625	308.694	155.818
174	95.625	618	96	319.944	159.193
174	94.5	618	95.625	331.194	162.193
174	92.625	618	94.5	342.444	164.818
174	90	618	92.625	353.694	167.068
174	86.625	618	90	364.944	168.943
174	82.5	618	86.625	376.194	170.443
174	77.625	618	82.5	387.444	171.568
174	72	618	77.625	398.694	172.318
174	65.625	618	72	409.944	172.693
174	58.5	618	65.625	421.194	172.693
174	50.625	618	58.5	432.444	172.318
174	42	618	50.625	443.694	171.568
174	32.625	618	42	454.944	170.443
174	22.5	618	32.625	466.194	168.943
174	11.625	618	22.5	477.444	167.068
174	0	618	11.625	488.694	164.818
174	0	618	0	499.944	162.193
174	0	618	11.625	511.194	159.193
174	0	618	22.5	522.444	155.818
174	0	618	32.625	533.694	152.068
174	0	618	42	544.944	147.943
174	0	618	50.625	556.194	143.443
174	0	618	58.5	567.444	138.568
174	0	618	65.625	578.694	133.318
174	0	618	72	589.944	127.693
174	0	618	77.625	601.194	121.693
174	0	618	82.5	610.175	128.717
174	0	618	86.625	613.639	136.967
174	0	618	90	617.103	144.842
174	0	618	92.625	620.567	152.342
174	0	618	94.5	624.031	159.467
174	0	618	95.625	627.494	166.217
174	0	618	96	630.958	172.592
174	0	618	95.625	634.422	178.592
174	0	618	94.5	637.886	184.217
174	0	618	92.625	641.35	189.467
174	0	618	90	644.813	194.342
174	0	618	86.625	648.277	198.842
174	0	618	82.5	651.741	202.967
174	0	618	77.625	655.205	206.717
174	0	618	72	658.669	210.092
174	0	618	65.625	662.132	213.092
174	0	618	58.5	665.596	215.717
174	0	618	50.625	669.06	217.967
174	0	618	42	672.524	219.842
180	0	618	32.625	675.988	221.342
186	0	618	22.5	679.451	222.467
192	0	618	11.625	682.915	223.217
198	0	618	0	686.379	223.592
204	0	618	0	689.843	223.592
210	0	618	0	693.307	223.217
216	0	618	0	696.77	222.467
222	0	618	0	700.234	221.342
228	0	618	0	703.698	219.842
234	0	618	0	707.162	217.967
240	0	618	0	710.625	215.717
246	0	618	0	714.089	213.092
252	0	618	0	717.553	210.092
258	0	618	0	721.017	206.717
264	0	618	0	724.481	202.967
270	0	618	0	727.944	198.842
276	0	618	0	724.481	194.342
282	0	618	0	721.017	189.467
288	0	618	0	717.553	184.217
294	0	618	0	714.089	178.592
294	0	618	0	710.625	172.592
294	0	618	0	707.162	166.217
294	0	618	0	703.698	159.467
294	0	618	0	700.234	152.342
294	0	618	0	696.77	144.842
294	0	618	0	693.307	136.967
294	0	618	0	689.843	128.717
294	0	618	0	686.379	120.092
294	0	618	0	682.915	111.092
294	0	618	0	679.451	101.717
294	0	618	0	675.988	91.9673
294	0	618	0	672.524	81.8423
294	0	618	0	669.06	71.3423
294	0	624	11.625	665.596	60.4673
294	0	630	22.5	666.043	52.4691
294	0	636	32.625	677.293	60.7191
294	0	642	42	688.543	68.5941
294	0	648	50.625	699.793	76.0941
294	0	648	58.5	711.043	83.2191
294	0	648	65.625	722.293	89.9691
294	0	648	72	733.543	96.3441
294	0	648	77.625	722.293	102.344
294	0	648	82.5	711.043	107.969
294	0	648	86.625	699.793	113.219
294	0	648	90	688.543	118.094
294	0	648	92.625	680.765	126.146
294	0	648	94.5	676.01	134.396
294	0	648	95.625	671.255	142.271
294	0	648	96	666.499	149.771
294	0	648	95.625	661.744	156.896
294	0	648	94.5	656.988	163.646
294	0	648	92.625	652.233	170.021
294	0	648	90	647.478	176.021
294	0	648	86.625	642.722	181.646
294	0	648	82.5	637.967	186.896
294	0	648	77.625	633.211	191.771
294	0	648	72	628.456	196.271
294	0	648	65.625	623.701	200.396
294	0	648	58.5	618.945	204.146
294	0	648	50.625	614.19	207.521
294	0	648	42	609.434	210.521
294	0	648	32.625	604.679	213.146
300	0	648	22.5	599.924	215.396
306	0	648	11.625	595.168	217.271
312	0	648	0	590.413	218.771
318	0	648	11.625	585.657	219.896
324	0	648	22.5	580.902	220.646
330	0	648	32.625	576.147	221.021
334	0	648	42	571.391	221.021
334	0	648	50.625	566.636	220.646
334	0	648	58.5	561.88	219.896
334	0	648	65.625	557.125	218.771
334	0	648	72	552.369	217.271
334	0	648	77.625	547.614	215.396
334	0	648	82.5	542.859	213.146
334	0	648	86.625	538.103	210.521
334	0	648	90	533.348	207.521
334	0	648	92.625	528.592	204.146
334	0	648	94.5	523.837	200.396
334	0	648	95.625	519.082	196.271
334	0	648	96	514.326	191.771
334	0	648	95.625	509.571	186.896
334	0	648	94.5	504.815	181.646
334	0	648	92.625	500.06	176.021
334	0	648	90	495.305	170.021
334	0	648	86.625	490.549	163.646
334	0	648	82.5	485.794	156.896
334	0	648	77.625	481.038	149.771
334	0	648	72	476.283	142.271
334	0	648	65.625	471.528	134.396
334	0	648	58.5	466.772	126.146
334	0	648	50.625	462.017	117.521
334	0	648	42	457.261	108.521
334	0	648	32.625	452.506	99.1465
334	0	648	22.5	447.751	89.3965
334	0	648	11.625	442.995	79.2715
334	0	648	0	438.24	68.7715
334	11.625	654	11.625	433.484	57.8965
334	22.5	660	22.5	428.729	46.6465
334	32.625	666	32.625	423.973	35.0215
334	42	672	42	419.218	23.0215
